# AUTO GENERATED FILE
# ONLY if elif else and print

matrix=[[255, 255, 255, 255, 255, 255, 255, 255, 255, 255, 255, 255, 255, 255, 255, 255, 255, 255, 255, 255, 255, 255, 255, 255, 255, 255, 255, 255, 255, 255, 255, 255, 255, 255, 255, 255, 255, 255, 255, 255, 255, 255, 255, 255, 255, 255, 255, 255, 255, 255, 255, 255, 255, 255, 255, 255, 255, 255, 255, 255, 255, 255, 255, 255, 255, 255, 255, 255, 255, 255, 255, 255, 255, 255, 255, 255, 255, 255, 255, 255, 255, 255, 255, 255, 255, 255, 255, 255, 255, 255, 255, 255, 255, 255, 255, 255, 255, 255, 255, 255] ,
[255, 255, 255, 255, 255, 255, 255, 255, 255, 255, 255, 255, 255, 255, 255, 255, 255, 255, 255, 255, 255, 255, 255, 255, 255, 255, 255, 255, 255, 255, 255, 255, 255, 255, 255, 255, 255, 255, 255, 255, 255, 255, 255, 255, 255, 255, 255, 255, 255, 255, 255, 255, 255, 255, 255, 255, 255, 255, 255, 255, 255, 255, 255, 255, 255, 255, 255, 255, 255, 255, 255, 255, 255, 255, 255, 255, 255, 255, 255, 255, 255, 255, 255, 255, 255, 255, 255, 255, 255, 255, 255, 255, 255, 255, 255, 255, 255, 255, 255, 255] ,
[255, 255, 255, 255, 255, 255, 255, 255, 255, 255, 255, 255, 255, 255, 255, 255, 255, 255, 255, 255, 255, 255, 255, 255, 255, 255, 255, 255, 255, 255, 255, 255, 255, 255, 255, 255, 255, 255, 255, 255, 255, 255, 255, 255, 255, 255, 255, 255, 255, 255, 253, 254, 255, 255, 255, 255, 255, 255, 255, 255, 255, 255, 255, 255, 255, 255, 255, 255, 255, 255, 255, 255, 255, 255, 255, 255, 255, 255, 255, 255, 255, 255, 255, 255, 255, 255, 255, 255, 255, 255, 255, 255, 255, 255, 255, 255, 255, 255, 255, 255] ,
[255, 255, 255, 255, 255, 255, 255, 255, 255, 255, 255, 255, 255, 255, 255, 255, 255, 255, 255, 255, 255, 255, 255, 255, 255, 255, 255, 255, 255, 255, 255, 255, 253, 254, 255, 255, 255, 255, 255, 255, 255, 255, 255, 254, 253, 253, 252, 251, 250, 251, 251, 254, 255, 255, 255, 255, 255, 255, 255, 255, 255, 255, 255, 255, 255, 255, 255, 255, 255, 255, 255, 255, 255, 255, 255, 255, 255, 255, 255, 255, 255, 255, 255, 255, 255, 255, 255, 255, 255, 255, 255, 255, 255, 255, 255, 255, 255, 255, 255, 255] ,
[255, 255, 255, 255, 255, 255, 255, 255, 255, 255, 255, 255, 255, 255, 255, 255, 255, 255, 255, 255, 255, 255, 255, 255, 255, 255, 255, 255, 255, 255, 255, 255, 255, 255, 254, 249, 244, 239, 233, 225, 222, 218, 216, 212, 204, 201, 201, 203, 205, 206, 210, 217, 222, 225, 231, 240, 246, 250, 255, 255, 255, 255, 255, 255, 255, 255, 255, 255, 255, 255, 255, 255, 255, 255, 255, 255, 255, 255, 255, 255, 255, 255, 255, 255, 255, 255, 255, 255, 255, 255, 255, 255, 255, 255, 255, 255, 255, 255, 255, 255] ,
[255, 255, 255, 255, 255, 255, 255, 255, 255, 255, 255, 255, 255, 255, 255, 255, 255, 255, 255, 255, 255, 255, 255, 255, 255, 255, 255, 255, 253, 254, 252, 242, 230, 217, 206, 194, 189, 185, 187, 188, 189, 190, 192, 192, 187, 191, 192, 192, 197, 193, 193, 182, 182, 188, 193, 197, 204, 216, 228, 237, 250, 255, 255, 253, 254, 255, 255, 255, 255, 255, 255, 255, 255, 255, 255, 255, 255, 255, 255, 255, 255, 255, 255, 255, 255, 255, 255, 255, 255, 255, 255, 255, 255, 255, 255, 255, 255, 255, 255, 255] ,
[255, 255, 255, 255, 255, 255, 255, 255, 255, 255, 255, 255, 255, 255, 255, 255, 255, 255, 255, 255, 255, 255, 255, 255, 255, 255, 255, 255, 253, 236, 209, 190, 184, 184, 178, 181, 185, 188, 188, 189, 184, 187, 179, 178, 178, 178, 180, 180, 188, 188, 190, 191, 186, 187, 195, 206, 212, 208, 200, 211, 226, 252, 255, 255, 255, 255, 255, 255, 255, 255, 255, 255, 255, 255, 255, 255, 255, 255, 255, 255, 255, 255, 255, 255, 255, 255, 255, 255, 255, 255, 255, 255, 255, 255, 255, 255, 255, 255, 255, 255] ,
[255, 255, 255, 255, 255, 255, 255, 255, 255, 255, 255, 255, 255, 255, 255, 255, 255, 255, 255, 255, 255, 255, 255, 255, 255, 255, 250, 225, 204, 183, 174, 183, 190, 196, 193, 193, 190, 189, 186, 186, 182, 178, 176, 173, 163, 166, 172, 174, 177, 177, 176, 176, 175, 168, 174, 179, 189, 198, 203, 202, 210, 235, 239, 239, 246, 249, 254, 255, 255, 255, 255, 255, 255, 255, 255, 255, 255, 255, 255, 255, 255, 255, 255, 255, 255, 255, 255, 255, 255, 255, 255, 255, 255, 255, 255, 255, 255, 255, 255, 255] ,
[255, 255, 255, 255, 255, 255, 255, 255, 255, 255, 255, 255, 255, 255, 255, 255, 255, 255, 255, 255, 255, 255, 255, 255, 255, 239, 209, 182, 175, 179, 180, 185, 181, 178, 184, 179, 172, 172, 171, 171, 172, 172, 174, 177, 176, 177, 178, 177, 174, 172, 172, 171, 170, 172, 176, 171, 173, 177, 183, 181, 184, 192, 199, 205, 212, 225, 236, 249, 255, 255, 255, 255, 255, 255, 255, 255, 255, 255, 255, 255, 255, 255, 255, 255, 255, 255, 255, 255, 255, 255, 255, 255, 255, 255, 255, 255, 255, 255, 255, 255] ,
[255, 255, 255, 255, 255, 255, 255, 255, 255, 255, 255, 255, 255, 255, 255, 255, 255, 255, 255, 255, 255, 255, 254, 255, 237, 193, 179, 174, 172, 173, 169, 166, 168, 171, 170, 169, 172, 174, 175, 178, 180, 181, 183, 185, 185, 185, 186, 184, 181, 179, 177, 176, 174, 174, 174, 175, 176, 175, 175, 175, 171, 172, 179, 186, 203, 218, 220, 223, 241, 252, 253, 255, 255, 255, 255, 255, 255, 255, 255, 255, 255, 255, 255, 255, 255, 255, 255, 255, 255, 255, 255, 255, 255, 255, 255, 255, 255, 255, 255, 255] ,
[255, 255, 255, 255, 255, 255, 255, 255, 255, 255, 255, 255, 255, 255, 255, 255, 255, 255, 255, 255, 255, 254, 254, 250, 199, 172, 171, 166, 164, 160, 158, 161, 162, 161, 165, 173, 178, 180, 181, 183, 185, 186, 189, 191, 191, 192, 191, 190, 189, 188, 186, 182, 179, 177, 176, 175, 175, 176, 176, 178, 177, 173, 175, 177, 178, 214, 234, 227, 222, 246, 254, 255, 255, 255, 255, 255, 255, 255, 255, 255, 255, 255, 255, 255, 255, 255, 255, 255, 255, 255, 255, 255, 255, 255, 255, 255, 255, 255, 255, 255] ,
[255, 255, 255, 255, 255, 255, 255, 255, 255, 255, 255, 255, 255, 255, 255, 255, 255, 255, 255, 255, 255, 254, 254, 219, 172, 174, 166, 162, 156, 153, 150, 153, 158, 164, 170, 176, 180, 182, 184, 186, 189, 191, 194, 197, 198, 199, 198, 198, 199, 199, 196, 193, 189, 187, 185, 181, 177, 176, 178, 180, 179, 175, 178, 187, 188, 183, 215, 236, 221, 240, 254, 254, 255, 255, 255, 255, 255, 255, 255, 255, 255, 255, 255, 255, 255, 255, 255, 255, 255, 255, 255, 255, 255, 255, 255, 255, 255, 255, 255, 255] ,
[255, 255, 255, 255, 255, 255, 255, 255, 255, 255, 255, 255, 255, 255, 255, 255, 255, 255, 255, 255, 255, 255, 242, 181, 177, 170, 161, 161, 156, 148, 143, 153, 160, 167, 175, 180, 182, 185, 188, 191, 193, 195, 198, 201, 202, 204, 203, 204, 206, 207, 204, 204, 203, 197, 191, 188, 188, 180, 180, 180, 183, 187, 192, 199, 210, 201, 201, 218, 216, 235, 252, 254, 255, 255, 255, 255, 255, 255, 255, 255, 255, 255, 255, 255, 255, 255, 255, 255, 255, 255, 255, 255, 255, 255, 255, 255, 255, 255, 255, 255] ,
[255, 255, 255, 255, 255, 255, 255, 255, 255, 255, 255, 255, 255, 255, 255, 255, 255, 255, 255, 255, 255, 255, 230, 185, 182, 172, 160, 155, 149, 146, 149, 154, 160, 167, 176, 182, 185, 188, 191, 193, 195, 197, 199, 200, 202, 203, 201, 202, 203, 205, 204, 202, 201, 196, 196, 195, 191, 183, 182, 182, 183, 190, 202, 213, 225, 224, 213, 209, 211, 216, 248, 254, 255, 255, 255, 255, 255, 255, 255, 255, 255, 255, 255, 255, 255, 255, 255, 255, 255, 255, 255, 255, 255, 255, 255, 255, 255, 255, 255, 255] ,
[255, 255, 255, 255, 255, 255, 255, 255, 255, 255, 255, 255, 255, 255, 255, 255, 255, 255, 255, 255, 255, 255, 227, 193, 192, 177, 156, 149, 142, 146, 154, 159, 161, 168, 177, 183, 189, 193, 193, 196, 196, 199, 203, 200, 200, 205, 207, 205, 207, 211, 209, 206, 204, 205, 204, 196, 190, 187, 184, 185, 187, 191, 206, 222, 229, 230, 226, 210, 209, 215, 234, 254, 254, 255, 255, 255, 255, 255, 255, 255, 255, 255, 255, 255, 255, 255, 255, 255, 255, 255, 255, 255, 255, 255, 255, 255, 255, 255, 255, 255] ,
[255, 255, 255, 255, 255, 255, 255, 255, 255, 255, 255, 255, 255, 255, 255, 255, 255, 255, 255, 255, 255, 255, 233, 197, 197, 192, 160, 142, 139, 149, 155, 163, 166, 172, 180, 187, 191, 196, 195, 198, 204, 206, 206, 206, 199, 202, 206, 212, 213, 212, 212, 210, 207, 205, 201, 197, 193, 187, 187, 193, 202, 205, 214, 228, 232, 227, 227, 211, 191, 207, 218, 250, 253, 254, 254, 255, 255, 255, 255, 255, 255, 255, 255, 255, 255, 255, 255, 255, 255, 255, 255, 255, 255, 255, 255, 255, 255, 255, 255, 255] ,
[255, 255, 255, 255, 255, 255, 255, 255, 255, 255, 255, 255, 255, 255, 255, 255, 255, 255, 255, 255, 255, 255, 246, 205, 202, 194, 156, 131, 135, 153, 160, 169, 168, 174, 180, 183, 190, 192, 196, 199, 201, 204, 207, 209, 195, 202, 204, 210, 207, 194, 190, 191, 186, 181, 184, 190, 195, 194, 193, 202, 219, 217, 219, 226, 236, 233, 216, 210, 204, 208, 216, 246, 255, 255, 255, 255, 255, 255, 255, 255, 255, 255, 255, 255, 255, 255, 255, 255, 255, 255, 255, 255, 255, 255, 255, 255, 255, 255, 255, 255] ,
[255, 255, 255, 255, 255, 255, 255, 255, 255, 255, 255, 255, 255, 255, 255, 255, 255, 255, 255, 255, 255, 255, 253, 228, 198, 180, 148, 126, 139, 160, 173, 162, 163, 153, 160, 165, 157, 172, 180, 181, 172, 179, 195, 211, 191, 175, 168, 142, 132, 119, 111, 123, 139, 148, 170, 167, 167, 175, 181, 196, 223, 207, 213, 221, 212, 221, 208, 189, 171, 198, 219, 233, 251, 252, 255, 254, 254, 254, 255, 255, 255, 255, 255, 255, 255, 255, 255, 255, 255, 255, 255, 255, 255, 255, 255, 255, 255, 255, 255, 255] ,
[255, 255, 255, 255, 255, 255, 255, 255, 255, 255, 255, 255, 255, 255, 255, 255, 255, 255, 255, 255, 255, 255, 255, 233, 196, 178, 153, 134, 131, 128, 132, 133, 139, 146, 129, 114, 96, 96, 107, 126, 138, 153, 172, 194, 187, 157, 126, 98, 86, 92, 91, 95, 97, 108, 109, 113, 118, 140, 155, 142, 174, 207, 226, 223, 223, 229, 220, 200, 168, 164, 181, 173, 142, 132, 182, 249, 253, 252, 254, 255, 255, 255, 255, 255, 255, 255, 255, 255, 255, 255, 255, 255, 255, 255, 255, 255, 255, 255, 255, 255] ,
[255, 255, 255, 255, 255, 255, 255, 255, 255, 255, 255, 255, 255, 255, 255, 255, 255, 255, 255, 255, 255, 254, 255, 237, 192, 147, 136, 129, 95, 91, 97, 89, 84, 79, 86, 74, 73, 70, 78, 82, 96, 123, 172, 188, 186, 153, 148, 117, 96, 90, 89, 121, 82, 65, 68, 110, 112, 80, 92, 118, 148, 170, 194, 218, 218, 225, 230, 239, 210, 166, 145, 128, 117, 118, 146, 239, 254, 251, 253, 255, 255, 255, 255, 255, 255, 255, 255, 255, 255, 255, 255, 255, 255, 255, 255, 255, 255, 255, 255, 255] ,
[255, 255, 255, 255, 255, 255, 255, 255, 255, 255, 255, 255, 255, 255, 255, 255, 255, 255, 255, 255, 255, 253, 250, 233, 186, 139, 117, 90, 75, 56, 44, 81, 94, 56, 56, 87, 135, 97, 78, 87, 93, 136, 175, 189, 200, 191, 174, 175, 177, 161, 154, 161, 164, 158, 169, 174, 170, 168, 156, 146, 149, 163, 170, 191, 211, 223, 225, 228, 196, 171, 173, 180, 167, 165, 185, 249, 253, 253, 254, 255, 255, 255, 255, 255, 255, 255, 255, 255, 255, 255, 255, 255, 255, 255, 255, 255, 255, 255, 255, 255] ,
[255, 255, 255, 255, 255, 255, 255, 255, 255, 255, 255, 255, 255, 255, 255, 255, 255, 255, 255, 255, 255, 254, 172, 91, 93, 111, 115, 87, 66, 71, 97, 123, 134, 133, 143, 162, 166, 151, 125, 116, 129, 148, 178, 191, 197, 197, 201, 195, 193, 187, 170, 168, 172, 182, 182, 183, 176, 173, 179, 181, 182, 184, 190, 199, 207, 222, 223, 232, 182, 116, 171, 181, 193, 188, 199, 249, 254, 253, 254, 255, 255, 255, 255, 255, 255, 255, 255, 255, 255, 255, 255, 255, 255, 255, 255, 255, 255, 255, 255, 255] ,
[255, 255, 255, 255, 255, 255, 255, 255, 255, 255, 255, 255, 255, 255, 255, 255, 255, 255, 255, 255, 255, 255, 211, 89, 70, 108, 110, 121, 123, 140, 156, 166, 174, 179, 188, 190, 178, 161, 139, 132, 139, 166, 186, 193, 199, 199, 195, 199, 199, 193, 190, 178, 171, 167, 171, 177, 184, 187, 188, 190, 191, 192, 204, 216, 217, 219, 219, 228, 205, 139, 155, 180, 197, 187, 203, 252, 252, 254, 255, 255, 255, 255, 255, 255, 255, 255, 255, 255, 255, 255, 255, 255, 255, 255, 255, 255, 255, 255, 255, 255] ,
[255, 255, 255, 255, 255, 255, 255, 255, 255, 255, 255, 255, 255, 255, 255, 255, 255, 255, 255, 255, 255, 254, 255, 173, 89, 114, 112, 137, 154, 157, 144, 137, 140, 149, 153, 155, 162, 162, 141, 132, 149, 179, 189, 193, 204, 207, 202, 202, 200, 198, 198, 203, 211, 210, 203, 202, 199, 199, 200, 191, 186, 189, 203, 211, 217, 215, 216, 232, 214, 200, 176, 181, 197, 189, 236, 254, 253, 254, 255, 255, 255, 255, 255, 255, 255, 255, 255, 255, 255, 255, 255, 255, 255, 255, 255, 255, 255, 255, 255, 255] ,
[255, 255, 255, 255, 255, 255, 255, 255, 255, 255, 255, 255, 255, 255, 255, 255, 255, 255, 255, 255, 255, 253, 254, 211, 114, 112, 106, 116, 137, 149, 155, 154, 158, 171, 180, 182, 187, 171, 149, 140, 136, 153, 168, 176, 183, 182, 161, 149, 168, 187, 183, 175, 166, 187, 209, 210, 204, 201, 197, 192, 192, 201, 198, 199, 204, 199, 219, 240, 209, 191, 192, 173, 168, 213, 253, 253, 253, 254, 255, 255, 255, 255, 255, 255, 255, 255, 255, 255, 255, 255, 255, 255, 255, 255, 255, 255, 255, 255, 255, 255] ,
[255, 255, 255, 255, 255, 255, 255, 255, 255, 255, 255, 255, 255, 255, 255, 255, 255, 255, 255, 255, 255, 253, 253, 243, 133, 105, 98, 98, 114, 134, 150, 161, 170, 173, 177, 180, 169, 127, 100, 75, 47, 52, 83, 113, 125, 99, 62, 59, 81, 119, 161, 194, 177, 141, 140, 165, 181, 186, 186, 184, 189, 207, 205, 191, 196, 205, 229, 233, 221, 188, 196, 175, 199, 247, 253, 254, 254, 254, 255, 255, 255, 255, 255, 255, 255, 255, 255, 255, 255, 255, 255, 255, 255, 255, 255, 255, 255, 255, 255, 255] ,
[255, 255, 255, 255, 255, 255, 255, 255, 255, 255, 255, 255, 255, 255, 255, 255, 255, 255, 255, 255, 255, 254, 252, 255, 205, 109, 106, 90, 95, 114, 132, 151, 163, 164, 165, 160, 141, 114, 91, 85, 76, 74, 73, 86, 98, 135, 171, 178, 179, 178, 195, 203, 199, 196, 163, 131, 131, 160, 174, 168, 173, 193, 192, 186, 186, 220, 230, 224, 222, 196, 194, 214, 249, 254, 254, 254, 254, 254, 255, 255, 255, 255, 255, 255, 255, 255, 255, 255, 255, 255, 255, 255, 255, 255, 255, 255, 255, 255, 255, 255] ,
[255, 255, 255, 255, 255, 255, 255, 255, 255, 255, 255, 255, 255, 255, 255, 255, 255, 255, 255, 255, 255, 254, 254, 254, 255, 172, 115, 103, 98, 100, 116, 139, 152, 157, 152, 153, 161, 164, 156, 150, 157, 174, 159, 173, 168, 180, 184, 198, 198, 189, 195, 197, 200, 204, 203, 194, 162, 125, 143, 157, 163, 174, 185, 191, 194, 229, 222, 220, 222, 203, 214, 248, 254, 253, 253, 255, 255, 254, 255, 255, 255, 255, 255, 255, 255, 255, 255, 255, 255, 255, 255, 255, 255, 255, 255, 255, 255, 255, 255, 255] ,
[255, 255, 255, 255, 255, 255, 255, 255, 255, 255, 255, 255, 255, 255, 255, 255, 255, 255, 255, 255, 255, 255, 255, 255, 255, 252, 177, 128, 129, 109, 107, 121, 133, 137, 155, 167, 166, 154, 164, 154, 145, 145, 143, 162, 160, 157, 158, 162, 161, 158, 150, 142, 137, 138, 150, 178, 191, 184, 144, 145, 161, 172, 191, 200, 224, 226, 218, 208, 222, 236, 251, 255, 254, 254, 253, 255, 255, 255, 255, 255, 255, 255, 255, 255, 255, 255, 255, 255, 255, 255, 255, 255, 255, 255, 255, 255, 255, 255, 255, 255] ,
[255, 255, 255, 255, 255, 255, 255, 255, 255, 255, 255, 255, 255, 255, 255, 255, 255, 255, 255, 255, 255, 255, 255, 255, 255, 255, 220, 131, 140, 131, 106, 93, 96, 135, 157, 141, 104, 82, 73, 72, 80, 89, 98, 106, 102, 113, 108, 109, 110, 108, 103, 99, 87, 76, 78, 118, 180, 200, 184, 168, 180, 194, 199, 220, 225, 219, 213, 205, 222, 250, 255, 255, 255, 255, 255, 255, 255, 255, 255, 255, 255, 255, 255, 255, 255, 255, 255, 255, 255, 255, 255, 255, 255, 255, 255, 255, 255, 255, 255, 255] ,
[255, 255, 255, 255, 255, 255, 255, 255, 255, 255, 255, 255, 255, 255, 255, 255, 255, 255, 255, 255, 255, 255, 255, 255, 255, 255, 235, 132, 129, 142, 141, 118, 97, 107, 136, 116, 63, 43, 49, 66, 88, 95, 110, 126, 130, 138, 134, 142, 160, 162, 161, 152, 152, 159, 170, 145, 161, 189, 191, 189, 194, 200, 205, 222, 232, 210, 206, 216, 207, 184, 250, 255, 254, 255, 255, 255, 255, 255, 255, 255, 255, 255, 255, 255, 255, 255, 255, 255, 255, 255, 255, 255, 255, 255, 255, 255, 255, 255, 255, 255] ,
[255, 255, 255, 255, 255, 255, 255, 255, 255, 255, 255, 255, 255, 255, 255, 255, 255, 255, 255, 255, 255, 255, 255, 255, 255, 253, 254, 175, 125, 139, 142, 148, 128, 109, 125, 155, 128, 114, 108, 113, 118, 134, 147, 156, 169, 166, 161, 164, 164, 150, 153, 158, 171, 169, 182, 178, 181, 187, 180, 192, 201, 205, 204, 214, 222, 205, 208, 207, 140, 76, 146, 240, 255, 255, 255, 255, 255, 255, 255, 255, 255, 255, 255, 255, 255, 255, 255, 255, 255, 255, 255, 255, 255, 255, 255, 255, 255, 255, 255, 255] ,
[255, 255, 255, 255, 255, 255, 255, 255, 255, 255, 255, 255, 255, 255, 255, 255, 255, 255, 255, 255, 255, 255, 255, 255, 255, 252, 255, 238, 149, 122, 132, 135, 129, 117, 126, 154, 151, 143, 148, 145, 134, 123, 131, 151, 160, 155, 158, 168, 161, 169, 178, 202, 194, 189, 189, 190, 203, 199, 190, 200, 190, 190, 205, 221, 199, 205, 166, 106, 82, 74, 78, 112, 166, 227, 254, 255, 255, 255, 255, 255, 255, 255, 255, 255, 255, 255, 255, 255, 255, 255, 255, 255, 255, 255, 255, 255, 255, 255, 255, 255] ,
[255, 255, 255, 255, 255, 255, 255, 255, 255, 255, 255, 255, 255, 255, 255, 255, 255, 255, 255, 255, 255, 255, 255, 255, 255, 254, 254, 255, 240, 154, 112, 109, 121, 130, 126, 137, 151, 151, 135, 142, 158, 156, 157, 182, 185, 187, 189, 198, 185, 190, 188, 194, 194, 201, 204, 215, 216, 218, 208, 210, 196, 193, 205, 204, 157, 111, 54, 60, 70, 73, 68, 83, 86, 89, 112, 135, 178, 222, 246, 255, 255, 255, 255, 255, 254, 255, 255, 255, 255, 255, 255, 255, 255, 255, 255, 255, 255, 255, 255, 255] ,
[255, 255, 255, 255, 255, 255, 255, 255, 255, 255, 255, 255, 255, 255, 255, 255, 255, 255, 255, 255, 255, 255, 255, 255, 255, 255, 255, 255, 255, 250, 195, 135, 114, 114, 129, 132, 155, 179, 168, 156, 160, 165, 169, 189, 183, 186, 187, 189, 185, 201, 201, 198, 198, 210, 210, 218, 219, 219, 218, 204, 187, 191, 160, 100, 46, 43, 50, 55, 57, 59, 62, 66, 65, 64, 55, 51, 48, 61, 81, 138, 225, 252, 255, 255, 255, 255, 255, 255, 255, 255, 255, 255, 255, 255, 255, 255, 255, 255, 255, 255] ,
[255, 255, 255, 255, 255, 255, 255, 255, 255, 255, 255, 255, 255, 255, 255, 255, 255, 255, 255, 255, 255, 255, 255, 255, 255, 255, 255, 255, 254, 255, 255, 248, 212, 166, 127, 129, 146, 170, 185, 174, 185, 186, 189, 184, 187, 189, 193, 180, 176, 183, 197, 200, 195, 212, 209, 216, 207, 198, 196, 165, 152, 97, 48, 36, 45, 52, 56, 54, 53, 52, 50, 57, 67, 65, 59, 51, 51, 53, 49, 47, 80, 119, 141, 160, 176, 194, 212, 238, 255, 255, 255, 255, 255, 255, 255, 254, 254, 254, 254, 254] ,
[255, 255, 255, 255, 255, 255, 255, 255, 255, 255, 255, 255, 255, 255, 255, 255, 255, 255, 255, 255, 255, 255, 255, 255, 255, 255, 255, 255, 255, 255, 255, 255, 255, 255, 231, 155, 106, 132, 151, 159, 162, 143, 174, 177, 177, 185, 194, 189, 165, 173, 183, 181, 181, 185, 182, 167, 146, 127, 92, 60, 45, 34, 44, 46, 49, 52, 54, 53, 51, 53, 58, 61, 61, 60, 57, 52, 52, 51, 50, 53, 55, 53, 55, 56, 52, 58, 66, 85, 130, 177, 187, 153, 128, 164, 215, 239, 249, 250, 255, 255] ,
[255, 255, 255, 255, 255, 255, 255, 255, 255, 255, 255, 255, 255, 255, 255, 255, 255, 255, 255, 255, 255, 255, 255, 255, 255, 255, 255, 255, 255, 255, 255, 255, 253, 254, 250, 97, 40, 84, 100, 107, 117, 134, 137, 156, 148, 164, 145, 154, 156, 138, 141, 130, 115, 99, 72, 53, 52, 38, 32, 40, 45, 47, 51, 50, 53, 53, 52, 54, 57, 59, 59, 55, 53, 52, 52, 51, 53, 54, 57, 60, 60, 58, 58, 58, 55, 56, 59, 58, 54, 51, 52, 52, 53, 52, 62, 80, 97, 107, 125, 157] ,
[255, 255, 255, 255, 255, 255, 255, 255, 255, 255, 255, 255, 255, 255, 255, 255, 255, 255, 255, 255, 255, 255, 255, 255, 255, 255, 255, 255, 255, 255, 255, 255, 255, 255, 202, 27, 22, 29, 52, 60, 59, 59, 68, 81, 80, 80, 62, 72, 70, 52, 46, 42, 29, 24, 26, 30, 35, 40, 47, 53, 54, 51, 50, 53, 60, 61, 61, 57, 53, 51, 49, 54, 53, 52, 52, 51, 54, 56, 57, 57, 57, 57, 55, 54, 52, 53, 53, 53, 53, 54, 55, 57, 58, 58, 56, 55, 53, 57, 54, 55] ,
[255, 255, 255, 255, 255, 255, 255, 255, 255, 255, 255, 255, 255, 255, 255, 255, 255, 255, 255, 255, 255, 255, 255, 255, 255, 255, 255, 255, 255, 255, 255, 227, 175, 106, 52, 29, 27, 24, 23, 26, 28, 23, 23, 26, 28, 28, 26, 25, 24, 22, 22, 25, 26, 31, 36, 42, 45, 49, 55, 55, 54, 58, 60, 58, 56, 54, 52, 48, 46, 47, 48, 51, 53, 55, 55, 54, 53, 53, 53, 53, 53, 52, 49, 49, 49, 50, 51, 51, 52, 53, 54, 55, 55, 55, 55, 55, 59, 84, 107, 128] ,
[255, 255, 255, 255, 255, 255, 255, 255, 255, 255, 255, 255, 255, 255, 255, 255, 255, 255, 255, 255, 255, 254, 254, 255, 255, 255, 255, 255, 219, 155, 88, 37, 17, 15, 26, 30, 28, 27, 26, 25, 24, 23, 21, 21, 22, 23, 23, 24, 26, 29, 33, 37, 40, 40, 42, 47, 52, 55, 60, 59, 57, 61, 57, 50, 48, 46, 44, 43, 44, 46, 48, 48, 49, 50, 51, 52, 51, 51, 52, 51, 51, 51, 49, 49, 49, 50, 51, 52, 53, 52, 52, 54, 50, 55, 70, 121, 171, 209, 225, 227] ,
[255, 255, 255, 255, 255, 255, 255, 255, 255, 255, 255, 255, 255, 255, 255, 255, 255, 255, 255, 255, 255, 255, 255, 255, 253, 221, 156, 84, 35, 17, 18, 22, 22, 28, 34, 35, 33, 32, 30, 33, 32, 32, 32, 31, 32, 33, 35, 37, 41, 43, 44, 44, 45, 46, 51, 57, 58, 59, 57, 56, 51, 47, 46, 44, 42, 42, 42, 44, 48, 49, 50, 49, 49, 49, 49, 50, 50, 50, 49, 49, 49, 49, 49, 51, 51, 51, 51, 52, 52, 53, 52, 50, 81, 138, 194, 217, 223, 222, 223, 225] ,
[255, 255, 255, 255, 255, 255, 255, 255, 255, 255, 255, 255, 255, 255, 253, 254, 254, 255, 255, 255, 236, 200, 161, 133, 92, 43, 23, 25, 26, 26, 25, 24, 27, 43, 49, 47, 45, 44, 42, 41, 42, 43, 44, 44, 42, 45, 47, 47, 48, 49, 49, 51, 54, 57, 57, 57, 58, 57, 51, 46, 43, 43, 42, 41, 39, 42, 46, 49, 50, 50, 50, 48, 48, 48, 49, 48, 48, 48, 48, 48, 48, 49, 49, 50, 51, 50, 50, 55, 52, 51, 74, 143, 204, 221, 223, 224, 224, 225, 226, 226] ,
[255, 255, 255, 255, 255, 255, 255, 255, 255, 255, 255, 255, 255, 255, 255, 255, 251, 219, 163, 107, 61, 39, 31, 30, 31, 34, 34, 32, 29, 27, 26, 26, 37, 47, 44, 48, 50, 47, 43, 43, 45, 48, 49, 48, 48, 48, 50, 51, 51, 53, 58, 56, 55, 57, 58, 58, 57, 50, 47, 42, 40, 41, 42, 42, 44, 47, 51, 51, 48, 47, 45, 46, 47, 47, 48, 47, 47, 47, 47, 47, 48, 49, 49, 50, 51, 52, 53, 51, 55, 127, 204, 224, 226, 225, 225, 225, 223, 223, 223, 223] ,
[255, 255, 255, 255, 255, 255, 255, 255, 255, 255, 255, 255, 255, 249, 212, 153, 98, 58, 41, 38, 38, 40, 40, 39, 38, 37, 35, 33, 31, 29, 27, 30, 47, 50, 56, 70, 50, 47, 60, 50, 44, 46, 46, 47, 50, 47, 48, 50, 53, 56, 57, 56, 55, 57, 57, 55, 52, 44, 43, 40, 40, 41, 43, 43, 48, 49, 50, 47, 44, 44, 43, 46, 47, 47, 47, 47, 48, 48, 49, 50, 50, 50, 52, 53, 55, 58, 53, 74, 174, 225, 227, 224, 226, 224, 222, 220, 218, 219, 219, 220] ,
[255, 255, 255, 255, 255, 255, 255, 255, 255, 255, 254, 209, 145, 87, 51, 43, 40, 42, 40, 41, 42, 42, 41, 41, 40, 38, 35, 33, 31, 29, 32, 40, 50, 43, 54, 45, 43, 56, 80, 46, 42, 47, 49, 49, 50, 51, 53, 55, 57, 57, 56, 56, 56, 55, 52, 48, 45, 42, 42, 40, 41, 43, 44, 46, 48, 47, 45, 44, 44, 45, 46, 47, 47, 47, 47, 49, 50, 50, 52, 52, 52, 52, 54, 56, 59, 53, 83, 196, 227, 224, 225, 225, 220, 217, 216, 216, 218, 219, 220, 220] ,
[255, 255, 255, 254, 253, 254, 254, 255, 241, 176, 101, 50, 39, 42, 42, 43, 41, 42, 42, 44, 46, 45, 43, 41, 40, 39, 36, 34, 29, 30, 37, 44, 45, 41, 39, 34, 36, 42, 44, 40, 42, 47, 48, 49, 52, 55, 55, 55, 56, 57, 58, 57, 55, 53, 50, 45, 41, 42, 42, 41, 43, 45, 46, 47, 45, 45, 45, 46, 47, 47, 48, 46, 47, 48, 50, 52, 53, 53, 53, 53, 55, 58, 61, 60, 54, 85, 195, 226, 223, 225, 220, 215, 213, 215, 219, 222, 221, 220, 220, 219] ,
[255, 255, 255, 255, 253, 255, 243, 158, 74, 39, 40, 44, 43, 42, 40, 40, 40, 42, 45, 46, 47, 46, 45, 42, 40, 37, 35, 32, 30, 33, 40, 44, 43, 42, 43, 46, 42, 42, 43, 44, 46, 47, 51, 54, 53, 52, 56, 57, 57, 56, 54, 52, 51, 46, 44, 43, 43, 43, 43, 43, 43, 44, 44, 45, 46, 47, 47, 47, 46, 46, 46, 48, 50, 52, 53, 53, 53, 53, 56, 59, 61, 63, 64, 57, 74, 193, 223, 220, 221, 216, 215, 215, 218, 219, 219, 219, 219, 218, 217, 219] ,
[255, 255, 255, 254, 254, 220, 93, 37, 42, 44, 43, 42, 41, 40, 39, 39, 41, 43, 45, 46, 45, 46, 44, 41, 38, 33, 33, 32, 32, 38, 44, 44, 43, 42, 41, 40, 39, 41, 42, 44, 46, 50, 53, 54, 54, 54, 57, 57, 56, 55, 53, 51, 49, 44, 43, 43, 43, 43, 43, 43, 44, 44, 45, 46, 47, 46, 46, 45, 46, 47, 49, 50, 51, 52, 52, 53, 55, 56, 58, 61, 62, 53, 62, 85, 172, 219, 212, 211, 210, 206, 208, 209, 210, 211, 211, 212, 217, 217, 218, 220] ,
[255, 255, 254, 240, 204, 71, 38, 43, 42, 40, 40, 40, 39, 38, 40, 42, 43, 45, 44, 44, 44, 44, 43, 39, 36, 33, 33, 33, 33, 38, 44, 44, 40, 39, 39, 39, 41, 42, 44, 46, 48, 51, 54, 54, 53, 54, 54, 53, 52, 51, 49, 48, 45, 43, 42, 42, 42, 43, 43, 44, 44, 44, 45, 45, 43, 45, 48, 48, 48, 51, 51, 51, 53, 54, 55, 57, 59, 60, 60, 58, 84, 136, 184, 214, 218, 210, 211, 212, 213, 217, 218, 220, 221, 222, 222, 223, 221, 222, 223, 221] ,]

row = [255, 255, 255, 255, 255, 255, 255, 255, 255, 255, 255, 255, 255, 255, 255, 255, 255, 255, 255, 255, 255, 255, 255, 255, 255, 255, 255, 255, 255, 255, 255, 255, 255, 255, 255, 255, 255, 255, 255, 255, 255, 255, 255, 255, 255, 255, 255, 255, 255, 255, 255, 255, 255, 255, 255, 255, 255, 255, 255, 255, 255, 255, 255, 255, 255, 255, 255, 255, 255, 255, 255, 255, 255, 255, 255, 255, 255, 255, 255, 255, 255, 255, 255, 255, 255, 255, 255, 255, 255, 255, 255, 255, 255, 255, 255, 255, 255, 255, 255, 255]
for i in row:
    if i >= 232:
        print('@', end='')
    elif i >= 209:
        print('#', end='')
    elif i >= 186:
        print('S', end='')
    elif i >= 163:
        print('%', end='')
    elif i >= 140:
        print('?', end='')
    elif i >= 117:
        print('*', end='')
    elif i >= 94:
        print('+', end='')
    elif i >= 71:
        print(';', end='')
    elif i >= 48:
        print(':', end='')
    elif i >= 25:
        print(',', end='')
    else:
        print('.', end='')
print()

row = [255, 255, 255, 255, 255, 255, 255, 255, 255, 255, 255, 255, 255, 255, 255, 255, 255, 255, 255, 255, 255, 255, 255, 255, 255, 255, 255, 255, 255, 255, 255, 255, 255, 255, 255, 255, 255, 255, 255, 255, 255, 255, 255, 255, 255, 255, 255, 255, 255, 255, 255, 255, 255, 255, 255, 255, 255, 255, 255, 255, 255, 255, 255, 255, 255, 255, 255, 255, 255, 255, 255, 255, 255, 255, 255, 255, 255, 255, 255, 255, 255, 255, 255, 255, 255, 255, 255, 255, 255, 255, 255, 255, 255, 255, 255, 255, 255, 255, 255, 255]
for i in row:
    if i >= 232:
        print('@', end='')
    elif i >= 209:
        print('#', end='')
    elif i >= 186:
        print('S', end='')
    elif i >= 163:
        print('%', end='')
    elif i >= 140:
        print('?', end='')
    elif i >= 117:
        print('*', end='')
    elif i >= 94:
        print('+', end='')
    elif i >= 71:
        print(';', end='')
    elif i >= 48:
        print(':', end='')
    elif i >= 25:
        print(',', end='')
    else:
        print('.', end='')
print()

row = [255, 255, 255, 255, 255, 255, 255, 255, 255, 255, 255, 255, 255, 255, 255, 255, 255, 255, 255, 255, 255, 255, 255, 255, 255, 255, 255, 255, 255, 255, 255, 255, 255, 255, 255, 255, 255, 255, 255, 255, 255, 255, 255, 255, 255, 255, 255, 255, 255, 255, 253, 254, 255, 255, 255, 255, 255, 255, 255, 255, 255, 255, 255, 255, 255, 255, 255, 255, 255, 255, 255, 255, 255, 255, 255, 255, 255, 255, 255, 255, 255, 255, 255, 255, 255, 255, 255, 255, 255, 255, 255, 255, 255, 255, 255, 255, 255, 255, 255, 255]
for i in row:
    if i >= 232:
        print('@', end='')
    elif i >= 209:
        print('#', end='')
    elif i >= 186:
        print('S', end='')
    elif i >= 163:
        print('%', end='')
    elif i >= 140:
        print('?', end='')
    elif i >= 117:
        print('*', end='')
    elif i >= 94:
        print('+', end='')
    elif i >= 71:
        print(';', end='')
    elif i >= 48:
        print(':', end='')
    elif i >= 25:
        print(',', end='')
    else:
        print('.', end='')
print()

row = [255, 255, 255, 255, 255, 255, 255, 255, 255, 255, 255, 255, 255, 255, 255, 255, 255, 255, 255, 255, 255, 255, 255, 255, 255, 255, 255, 255, 255, 255, 255, 255, 253, 254, 255, 255, 255, 255, 255, 255, 255, 255, 255, 254, 253, 253, 252, 251, 250, 251, 251, 254, 255, 255, 255, 255, 255, 255, 255, 255, 255, 255, 255, 255, 255, 255, 255, 255, 255, 255, 255, 255, 255, 255, 255, 255, 255, 255, 255, 255, 255, 255, 255, 255, 255, 255, 255, 255, 255, 255, 255, 255, 255, 255, 255, 255, 255, 255, 255, 255]
for i in row:
    if i >= 232:
        print('@', end='')
    elif i >= 209:
        print('#', end='')
    elif i >= 186:
        print('S', end='')
    elif i >= 163:
        print('%', end='')
    elif i >= 140:
        print('?', end='')
    elif i >= 117:
        print('*', end='')
    elif i >= 94:
        print('+', end='')
    elif i >= 71:
        print(';', end='')
    elif i >= 48:
        print(':', end='')
    elif i >= 25:
        print(',', end='')
    else:
        print('.', end='')
print()

row = [255, 255, 255, 255, 255, 255, 255, 255, 255, 255, 255, 255, 255, 255, 255, 255, 255, 255, 255, 255, 255, 255, 255, 255, 255, 255, 255, 255, 255, 255, 255, 255, 255, 255, 254, 249, 244, 239, 233, 225, 222, 218, 216, 212, 204, 201, 201, 203, 205, 206, 210, 217, 222, 225, 231, 240, 246, 250, 255, 255, 255, 255, 255, 255, 255, 255, 255, 255, 255, 255, 255, 255, 255, 255, 255, 255, 255, 255, 255, 255, 255, 255, 255, 255, 255, 255, 255, 255, 255, 255, 255, 255, 255, 255, 255, 255, 255, 255, 255, 255]
for i in row:
    if i >= 232:
        print('@', end='')
    elif i >= 209:
        print('#', end='')
    elif i >= 186:
        print('S', end='')
    elif i >= 163:
        print('%', end='')
    elif i >= 140:
        print('?', end='')
    elif i >= 117:
        print('*', end='')
    elif i >= 94:
        print('+', end='')
    elif i >= 71:
        print(';', end='')
    elif i >= 48:
        print(':', end='')
    elif i >= 25:
        print(',', end='')
    else:
        print('.', end='')
print()

row = [255, 255, 255, 255, 255, 255, 255, 255, 255, 255, 255, 255, 255, 255, 255, 255, 255, 255, 255, 255, 255, 255, 255, 255, 255, 255, 255, 255, 253, 254, 252, 242, 230, 217, 206, 194, 189, 185, 187, 188, 189, 190, 192, 192, 187, 191, 192, 192, 197, 193, 193, 182, 182, 188, 193, 197, 204, 216, 228, 237, 250, 255, 255, 253, 254, 255, 255, 255, 255, 255, 255, 255, 255, 255, 255, 255, 255, 255, 255, 255, 255, 255, 255, 255, 255, 255, 255, 255, 255, 255, 255, 255, 255, 255, 255, 255, 255, 255, 255, 255]
for i in row:
    if i >= 232:
        print('@', end='')
    elif i >= 209:
        print('#', end='')
    elif i >= 186:
        print('S', end='')
    elif i >= 163:
        print('%', end='')
    elif i >= 140:
        print('?', end='')
    elif i >= 117:
        print('*', end='')
    elif i >= 94:
        print('+', end='')
    elif i >= 71:
        print(';', end='')
    elif i >= 48:
        print(':', end='')
    elif i >= 25:
        print(',', end='')
    else:
        print('.', end='')
print()

row = [255, 255, 255, 255, 255, 255, 255, 255, 255, 255, 255, 255, 255, 255, 255, 255, 255, 255, 255, 255, 255, 255, 255, 255, 255, 255, 255, 255, 253, 236, 209, 190, 184, 184, 178, 181, 185, 188, 188, 189, 184, 187, 179, 178, 178, 178, 180, 180, 188, 188, 190, 191, 186, 187, 195, 206, 212, 208, 200, 211, 226, 252, 255, 255, 255, 255, 255, 255, 255, 255, 255, 255, 255, 255, 255, 255, 255, 255, 255, 255, 255, 255, 255, 255, 255, 255, 255, 255, 255, 255, 255, 255, 255, 255, 255, 255, 255, 255, 255, 255]
for i in row:
    if i >= 232:
        print('@', end='')
    elif i >= 209:
        print('#', end='')
    elif i >= 186:
        print('S', end='')
    elif i >= 163:
        print('%', end='')
    elif i >= 140:
        print('?', end='')
    elif i >= 117:
        print('*', end='')
    elif i >= 94:
        print('+', end='')
    elif i >= 71:
        print(';', end='')
    elif i >= 48:
        print(':', end='')
    elif i >= 25:
        print(',', end='')
    else:
        print('.', end='')
print()

row = [255, 255, 255, 255, 255, 255, 255, 255, 255, 255, 255, 255, 255, 255, 255, 255, 255, 255, 255, 255, 255, 255, 255, 255, 255, 255, 250, 225, 204, 183, 174, 183, 190, 196, 193, 193, 190, 189, 186, 186, 182, 178, 176, 173, 163, 166, 172, 174, 177, 177, 176, 176, 175, 168, 174, 179, 189, 198, 203, 202, 210, 235, 239, 239, 246, 249, 254, 255, 255, 255, 255, 255, 255, 255, 255, 255, 255, 255, 255, 255, 255, 255, 255, 255, 255, 255, 255, 255, 255, 255, 255, 255, 255, 255, 255, 255, 255, 255, 255, 255]
for i in row:
    if i >= 232:
        print('@', end='')
    elif i >= 209:
        print('#', end='')
    elif i >= 186:
        print('S', end='')
    elif i >= 163:
        print('%', end='')
    elif i >= 140:
        print('?', end='')
    elif i >= 117:
        print('*', end='')
    elif i >= 94:
        print('+', end='')
    elif i >= 71:
        print(';', end='')
    elif i >= 48:
        print(':', end='')
    elif i >= 25:
        print(',', end='')
    else:
        print('.', end='')
print()

row = [255, 255, 255, 255, 255, 255, 255, 255, 255, 255, 255, 255, 255, 255, 255, 255, 255, 255, 255, 255, 255, 255, 255, 255, 255, 239, 209, 182, 175, 179, 180, 185, 181, 178, 184, 179, 172, 172, 171, 171, 172, 172, 174, 177, 176, 177, 178, 177, 174, 172, 172, 171, 170, 172, 176, 171, 173, 177, 183, 181, 184, 192, 199, 205, 212, 225, 236, 249, 255, 255, 255, 255, 255, 255, 255, 255, 255, 255, 255, 255, 255, 255, 255, 255, 255, 255, 255, 255, 255, 255, 255, 255, 255, 255, 255, 255, 255, 255, 255, 255]
for i in row:
    if i >= 232:
        print('@', end='')
    elif i >= 209:
        print('#', end='')
    elif i >= 186:
        print('S', end='')
    elif i >= 163:
        print('%', end='')
    elif i >= 140:
        print('?', end='')
    elif i >= 117:
        print('*', end='')
    elif i >= 94:
        print('+', end='')
    elif i >= 71:
        print(';', end='')
    elif i >= 48:
        print(':', end='')
    elif i >= 25:
        print(',', end='')
    else:
        print('.', end='')
print()

row = [255, 255, 255, 255, 255, 255, 255, 255, 255, 255, 255, 255, 255, 255, 255, 255, 255, 255, 255, 255, 255, 255, 254, 255, 237, 193, 179, 174, 172, 173, 169, 166, 168, 171, 170, 169, 172, 174, 175, 178, 180, 181, 183, 185, 185, 185, 186, 184, 181, 179, 177, 176, 174, 174, 174, 175, 176, 175, 175, 175, 171, 172, 179, 186, 203, 218, 220, 223, 241, 252, 253, 255, 255, 255, 255, 255, 255, 255, 255, 255, 255, 255, 255, 255, 255, 255, 255, 255, 255, 255, 255, 255, 255, 255, 255, 255, 255, 255, 255, 255]
for i in row:
    if i >= 232:
        print('@', end='')
    elif i >= 209:
        print('#', end='')
    elif i >= 186:
        print('S', end='')
    elif i >= 163:
        print('%', end='')
    elif i >= 140:
        print('?', end='')
    elif i >= 117:
        print('*', end='')
    elif i >= 94:
        print('+', end='')
    elif i >= 71:
        print(';', end='')
    elif i >= 48:
        print(':', end='')
    elif i >= 25:
        print(',', end='')
    else:
        print('.', end='')
print()

row = [255, 255, 255, 255, 255, 255, 255, 255, 255, 255, 255, 255, 255, 255, 255, 255, 255, 255, 255, 255, 255, 254, 254, 250, 199, 172, 171, 166, 164, 160, 158, 161, 162, 161, 165, 173, 178, 180, 181, 183, 185, 186, 189, 191, 191, 192, 191, 190, 189, 188, 186, 182, 179, 177, 176, 175, 175, 176, 176, 178, 177, 173, 175, 177, 178, 214, 234, 227, 222, 246, 254, 255, 255, 255, 255, 255, 255, 255, 255, 255, 255, 255, 255, 255, 255, 255, 255, 255, 255, 255, 255, 255, 255, 255, 255, 255, 255, 255, 255, 255]
for i in row:
    if i >= 232:
        print('@', end='')
    elif i >= 209:
        print('#', end='')
    elif i >= 186:
        print('S', end='')
    elif i >= 163:
        print('%', end='')
    elif i >= 140:
        print('?', end='')
    elif i >= 117:
        print('*', end='')
    elif i >= 94:
        print('+', end='')
    elif i >= 71:
        print(';', end='')
    elif i >= 48:
        print(':', end='')
    elif i >= 25:
        print(',', end='')
    else:
        print('.', end='')
print()

row = [255, 255, 255, 255, 255, 255, 255, 255, 255, 255, 255, 255, 255, 255, 255, 255, 255, 255, 255, 255, 255, 254, 254, 219, 172, 174, 166, 162, 156, 153, 150, 153, 158, 164, 170, 176, 180, 182, 184, 186, 189, 191, 194, 197, 198, 199, 198, 198, 199, 199, 196, 193, 189, 187, 185, 181, 177, 176, 178, 180, 179, 175, 178, 187, 188, 183, 215, 236, 221, 240, 254, 254, 255, 255, 255, 255, 255, 255, 255, 255, 255, 255, 255, 255, 255, 255, 255, 255, 255, 255, 255, 255, 255, 255, 255, 255, 255, 255, 255, 255]
for i in row:
    if i >= 232:
        print('@', end='')
    elif i >= 209:
        print('#', end='')
    elif i >= 186:
        print('S', end='')
    elif i >= 163:
        print('%', end='')
    elif i >= 140:
        print('?', end='')
    elif i >= 117:
        print('*', end='')
    elif i >= 94:
        print('+', end='')
    elif i >= 71:
        print(';', end='')
    elif i >= 48:
        print(':', end='')
    elif i >= 25:
        print(',', end='')
    else:
        print('.', end='')
print()

row = [255, 255, 255, 255, 255, 255, 255, 255, 255, 255, 255, 255, 255, 255, 255, 255, 255, 255, 255, 255, 255, 255, 242, 181, 177, 170, 161, 161, 156, 148, 143, 153, 160, 167, 175, 180, 182, 185, 188, 191, 193, 195, 198, 201, 202, 204, 203, 204, 206, 207, 204, 204, 203, 197, 191, 188, 188, 180, 180, 180, 183, 187, 192, 199, 210, 201, 201, 218, 216, 235, 252, 254, 255, 255, 255, 255, 255, 255, 255, 255, 255, 255, 255, 255, 255, 255, 255, 255, 255, 255, 255, 255, 255, 255, 255, 255, 255, 255, 255, 255]
for i in row:
    if i >= 232:
        print('@', end='')
    elif i >= 209:
        print('#', end='')
    elif i >= 186:
        print('S', end='')
    elif i >= 163:
        print('%', end='')
    elif i >= 140:
        print('?', end='')
    elif i >= 117:
        print('*', end='')
    elif i >= 94:
        print('+', end='')
    elif i >= 71:
        print(';', end='')
    elif i >= 48:
        print(':', end='')
    elif i >= 25:
        print(',', end='')
    else:
        print('.', end='')
print()

row = [255, 255, 255, 255, 255, 255, 255, 255, 255, 255, 255, 255, 255, 255, 255, 255, 255, 255, 255, 255, 255, 255, 230, 185, 182, 172, 160, 155, 149, 146, 149, 154, 160, 167, 176, 182, 185, 188, 191, 193, 195, 197, 199, 200, 202, 203, 201, 202, 203, 205, 204, 202, 201, 196, 196, 195, 191, 183, 182, 182, 183, 190, 202, 213, 225, 224, 213, 209, 211, 216, 248, 254, 255, 255, 255, 255, 255, 255, 255, 255, 255, 255, 255, 255, 255, 255, 255, 255, 255, 255, 255, 255, 255, 255, 255, 255, 255, 255, 255, 255]
for i in row:
    if i >= 232:
        print('@', end='')
    elif i >= 209:
        print('#', end='')
    elif i >= 186:
        print('S', end='')
    elif i >= 163:
        print('%', end='')
    elif i >= 140:
        print('?', end='')
    elif i >= 117:
        print('*', end='')
    elif i >= 94:
        print('+', end='')
    elif i >= 71:
        print(';', end='')
    elif i >= 48:
        print(':', end='')
    elif i >= 25:
        print(',', end='')
    else:
        print('.', end='')
print()

row = [255, 255, 255, 255, 255, 255, 255, 255, 255, 255, 255, 255, 255, 255, 255, 255, 255, 255, 255, 255, 255, 255, 227, 193, 192, 177, 156, 149, 142, 146, 154, 159, 161, 168, 177, 183, 189, 193, 193, 196, 196, 199, 203, 200, 200, 205, 207, 205, 207, 211, 209, 206, 204, 205, 204, 196, 190, 187, 184, 185, 187, 191, 206, 222, 229, 230, 226, 210, 209, 215, 234, 254, 254, 255, 255, 255, 255, 255, 255, 255, 255, 255, 255, 255, 255, 255, 255, 255, 255, 255, 255, 255, 255, 255, 255, 255, 255, 255, 255, 255]
for i in row:
    if i >= 232:
        print('@', end='')
    elif i >= 209:
        print('#', end='')
    elif i >= 186:
        print('S', end='')
    elif i >= 163:
        print('%', end='')
    elif i >= 140:
        print('?', end='')
    elif i >= 117:
        print('*', end='')
    elif i >= 94:
        print('+', end='')
    elif i >= 71:
        print(';', end='')
    elif i >= 48:
        print(':', end='')
    elif i >= 25:
        print(',', end='')
    else:
        print('.', end='')
print()

row = [255, 255, 255, 255, 255, 255, 255, 255, 255, 255, 255, 255, 255, 255, 255, 255, 255, 255, 255, 255, 255, 255, 233, 197, 197, 192, 160, 142, 139, 149, 155, 163, 166, 172, 180, 187, 191, 196, 195, 198, 204, 206, 206, 206, 199, 202, 206, 212, 213, 212, 212, 210, 207, 205, 201, 197, 193, 187, 187, 193, 202, 205, 214, 228, 232, 227, 227, 211, 191, 207, 218, 250, 253, 254, 254, 255, 255, 255, 255, 255, 255, 255, 255, 255, 255, 255, 255, 255, 255, 255, 255, 255, 255, 255, 255, 255, 255, 255, 255, 255]
for i in row:
    if i >= 232:
        print('@', end='')
    elif i >= 209:
        print('#', end='')
    elif i >= 186:
        print('S', end='')
    elif i >= 163:
        print('%', end='')
    elif i >= 140:
        print('?', end='')
    elif i >= 117:
        print('*', end='')
    elif i >= 94:
        print('+', end='')
    elif i >= 71:
        print(';', end='')
    elif i >= 48:
        print(':', end='')
    elif i >= 25:
        print(',', end='')
    else:
        print('.', end='')
print()

row = [255, 255, 255, 255, 255, 255, 255, 255, 255, 255, 255, 255, 255, 255, 255, 255, 255, 255, 255, 255, 255, 255, 246, 205, 202, 194, 156, 131, 135, 153, 160, 169, 168, 174, 180, 183, 190, 192, 196, 199, 201, 204, 207, 209, 195, 202, 204, 210, 207, 194, 190, 191, 186, 181, 184, 190, 195, 194, 193, 202, 219, 217, 219, 226, 236, 233, 216, 210, 204, 208, 216, 246, 255, 255, 255, 255, 255, 255, 255, 255, 255, 255, 255, 255, 255, 255, 255, 255, 255, 255, 255, 255, 255, 255, 255, 255, 255, 255, 255, 255]
for i in row:
    if i >= 232:
        print('@', end='')
    elif i >= 209:
        print('#', end='')
    elif i >= 186:
        print('S', end='')
    elif i >= 163:
        print('%', end='')
    elif i >= 140:
        print('?', end='')
    elif i >= 117:
        print('*', end='')
    elif i >= 94:
        print('+', end='')
    elif i >= 71:
        print(';', end='')
    elif i >= 48:
        print(':', end='')
    elif i >= 25:
        print(',', end='')
    else:
        print('.', end='')
print()

row = [255, 255, 255, 255, 255, 255, 255, 255, 255, 255, 255, 255, 255, 255, 255, 255, 255, 255, 255, 255, 255, 255, 253, 228, 198, 180, 148, 126, 139, 160, 173, 162, 163, 153, 160, 165, 157, 172, 180, 181, 172, 179, 195, 211, 191, 175, 168, 142, 132, 119, 111, 123, 139, 148, 170, 167, 167, 175, 181, 196, 223, 207, 213, 221, 212, 221, 208, 189, 171, 198, 219, 233, 251, 252, 255, 254, 254, 254, 255, 255, 255, 255, 255, 255, 255, 255, 255, 255, 255, 255, 255, 255, 255, 255, 255, 255, 255, 255, 255, 255]
for i in row:
    if i >= 232:
        print('@', end='')
    elif i >= 209:
        print('#', end='')
    elif i >= 186:
        print('S', end='')
    elif i >= 163:
        print('%', end='')
    elif i >= 140:
        print('?', end='')
    elif i >= 117:
        print('*', end='')
    elif i >= 94:
        print('+', end='')
    elif i >= 71:
        print(';', end='')
    elif i >= 48:
        print(':', end='')
    elif i >= 25:
        print(',', end='')
    else:
        print('.', end='')
print()

row = [255, 255, 255, 255, 255, 255, 255, 255, 255, 255, 255, 255, 255, 255, 255, 255, 255, 255, 255, 255, 255, 255, 255, 233, 196, 178, 153, 134, 131, 128, 132, 133, 139, 146, 129, 114, 96, 96, 107, 126, 138, 153, 172, 194, 187, 157, 126, 98, 86, 92, 91, 95, 97, 108, 109, 113, 118, 140, 155, 142, 174, 207, 226, 223, 223, 229, 220, 200, 168, 164, 181, 173, 142, 132, 182, 249, 253, 252, 254, 255, 255, 255, 255, 255, 255, 255, 255, 255, 255, 255, 255, 255, 255, 255, 255, 255, 255, 255, 255, 255]
for i in row:
    if i >= 232:
        print('@', end='')
    elif i >= 209:
        print('#', end='')
    elif i >= 186:
        print('S', end='')
    elif i >= 163:
        print('%', end='')
    elif i >= 140:
        print('?', end='')
    elif i >= 117:
        print('*', end='')
    elif i >= 94:
        print('+', end='')
    elif i >= 71:
        print(';', end='')
    elif i >= 48:
        print(':', end='')
    elif i >= 25:
        print(',', end='')
    else:
        print('.', end='')
print()

row = [255, 255, 255, 255, 255, 255, 255, 255, 255, 255, 255, 255, 255, 255, 255, 255, 255, 255, 255, 255, 255, 254, 255, 237, 192, 147, 136, 129, 95, 91, 97, 89, 84, 79, 86, 74, 73, 70, 78, 82, 96, 123, 172, 188, 186, 153, 148, 117, 96, 90, 89, 121, 82, 65, 68, 110, 112, 80, 92, 118, 148, 170, 194, 218, 218, 225, 230, 239, 210, 166, 145, 128, 117, 118, 146, 239, 254, 251, 253, 255, 255, 255, 255, 255, 255, 255, 255, 255, 255, 255, 255, 255, 255, 255, 255, 255, 255, 255, 255, 255]
for i in row:
    if i >= 232:
        print('@', end='')
    elif i >= 209:
        print('#', end='')
    elif i >= 186:
        print('S', end='')
    elif i >= 163:
        print('%', end='')
    elif i >= 140:
        print('?', end='')
    elif i >= 117:
        print('*', end='')
    elif i >= 94:
        print('+', end='')
    elif i >= 71:
        print(';', end='')
    elif i >= 48:
        print(':', end='')
    elif i >= 25:
        print(',', end='')
    else:
        print('.', end='')
print()

row = [255, 255, 255, 255, 255, 255, 255, 255, 255, 255, 255, 255, 255, 255, 255, 255, 255, 255, 255, 255, 255, 253, 250, 233, 186, 139, 117, 90, 75, 56, 44, 81, 94, 56, 56, 87, 135, 97, 78, 87, 93, 136, 175, 189, 200, 191, 174, 175, 177, 161, 154, 161, 164, 158, 169, 174, 170, 168, 156, 146, 149, 163, 170, 191, 211, 223, 225, 228, 196, 171, 173, 180, 167, 165, 185, 249, 253, 253, 254, 255, 255, 255, 255, 255, 255, 255, 255, 255, 255, 255, 255, 255, 255, 255, 255, 255, 255, 255, 255, 255]
for i in row:
    if i >= 232:
        print('@', end='')
    elif i >= 209:
        print('#', end='')
    elif i >= 186:
        print('S', end='')
    elif i >= 163:
        print('%', end='')
    elif i >= 140:
        print('?', end='')
    elif i >= 117:
        print('*', end='')
    elif i >= 94:
        print('+', end='')
    elif i >= 71:
        print(';', end='')
    elif i >= 48:
        print(':', end='')
    elif i >= 25:
        print(',', end='')
    else:
        print('.', end='')
print()

row = [255, 255, 255, 255, 255, 255, 255, 255, 255, 255, 255, 255, 255, 255, 255, 255, 255, 255, 255, 255, 255, 254, 172, 91, 93, 111, 115, 87, 66, 71, 97, 123, 134, 133, 143, 162, 166, 151, 125, 116, 129, 148, 178, 191, 197, 197, 201, 195, 193, 187, 170, 168, 172, 182, 182, 183, 176, 173, 179, 181, 182, 184, 190, 199, 207, 222, 223, 232, 182, 116, 171, 181, 193, 188, 199, 249, 254, 253, 254, 255, 255, 255, 255, 255, 255, 255, 255, 255, 255, 255, 255, 255, 255, 255, 255, 255, 255, 255, 255, 255]
for i in row:
    if i >= 232:
        print('@', end='')
    elif i >= 209:
        print('#', end='')
    elif i >= 186:
        print('S', end='')
    elif i >= 163:
        print('%', end='')
    elif i >= 140:
        print('?', end='')
    elif i >= 117:
        print('*', end='')
    elif i >= 94:
        print('+', end='')
    elif i >= 71:
        print(';', end='')
    elif i >= 48:
        print(':', end='')
    elif i >= 25:
        print(',', end='')
    else:
        print('.', end='')
print()

row = [255, 255, 255, 255, 255, 255, 255, 255, 255, 255, 255, 255, 255, 255, 255, 255, 255, 255, 255, 255, 255, 255, 211, 89, 70, 108, 110, 121, 123, 140, 156, 166, 174, 179, 188, 190, 178, 161, 139, 132, 139, 166, 186, 193, 199, 199, 195, 199, 199, 193, 190, 178, 171, 167, 171, 177, 184, 187, 188, 190, 191, 192, 204, 216, 217, 219, 219, 228, 205, 139, 155, 180, 197, 187, 203, 252, 252, 254, 255, 255, 255, 255, 255, 255, 255, 255, 255, 255, 255, 255, 255, 255, 255, 255, 255, 255, 255, 255, 255, 255]
for i in row:
    if i >= 232:
        print('@', end='')
    elif i >= 209:
        print('#', end='')
    elif i >= 186:
        print('S', end='')
    elif i >= 163:
        print('%', end='')
    elif i >= 140:
        print('?', end='')
    elif i >= 117:
        print('*', end='')
    elif i >= 94:
        print('+', end='')
    elif i >= 71:
        print(';', end='')
    elif i >= 48:
        print(':', end='')
    elif i >= 25:
        print(',', end='')
    else:
        print('.', end='')
print()

row = [255, 255, 255, 255, 255, 255, 255, 255, 255, 255, 255, 255, 255, 255, 255, 255, 255, 255, 255, 255, 255, 254, 255, 173, 89, 114, 112, 137, 154, 157, 144, 137, 140, 149, 153, 155, 162, 162, 141, 132, 149, 179, 189, 193, 204, 207, 202, 202, 200, 198, 198, 203, 211, 210, 203, 202, 199, 199, 200, 191, 186, 189, 203, 211, 217, 215, 216, 232, 214, 200, 176, 181, 197, 189, 236, 254, 253, 254, 255, 255, 255, 255, 255, 255, 255, 255, 255, 255, 255, 255, 255, 255, 255, 255, 255, 255, 255, 255, 255, 255]
for i in row:
    if i >= 232:
        print('@', end='')
    elif i >= 209:
        print('#', end='')
    elif i >= 186:
        print('S', end='')
    elif i >= 163:
        print('%', end='')
    elif i >= 140:
        print('?', end='')
    elif i >= 117:
        print('*', end='')
    elif i >= 94:
        print('+', end='')
    elif i >= 71:
        print(';', end='')
    elif i >= 48:
        print(':', end='')
    elif i >= 25:
        print(',', end='')
    else:
        print('.', end='')
print()

row = [255, 255, 255, 255, 255, 255, 255, 255, 255, 255, 255, 255, 255, 255, 255, 255, 255, 255, 255, 255, 255, 253, 254, 211, 114, 112, 106, 116, 137, 149, 155, 154, 158, 171, 180, 182, 187, 171, 149, 140, 136, 153, 168, 176, 183, 182, 161, 149, 168, 187, 183, 175, 166, 187, 209, 210, 204, 201, 197, 192, 192, 201, 198, 199, 204, 199, 219, 240, 209, 191, 192, 173, 168, 213, 253, 253, 253, 254, 255, 255, 255, 255, 255, 255, 255, 255, 255, 255, 255, 255, 255, 255, 255, 255, 255, 255, 255, 255, 255, 255]
for i in row:
    if i >= 232:
        print('@', end='')
    elif i >= 209:
        print('#', end='')
    elif i >= 186:
        print('S', end='')
    elif i >= 163:
        print('%', end='')
    elif i >= 140:
        print('?', end='')
    elif i >= 117:
        print('*', end='')
    elif i >= 94:
        print('+', end='')
    elif i >= 71:
        print(';', end='')
    elif i >= 48:
        print(':', end='')
    elif i >= 25:
        print(',', end='')
    else:
        print('.', end='')
print()

row = [255, 255, 255, 255, 255, 255, 255, 255, 255, 255, 255, 255, 255, 255, 255, 255, 255, 255, 255, 255, 255, 253, 253, 243, 133, 105, 98, 98, 114, 134, 150, 161, 170, 173, 177, 180, 169, 127, 100, 75, 47, 52, 83, 113, 125, 99, 62, 59, 81, 119, 161, 194, 177, 141, 140, 165, 181, 186, 186, 184, 189, 207, 205, 191, 196, 205, 229, 233, 221, 188, 196, 175, 199, 247, 253, 254, 254, 254, 255, 255, 255, 255, 255, 255, 255, 255, 255, 255, 255, 255, 255, 255, 255, 255, 255, 255, 255, 255, 255, 255]
for i in row:
    if i >= 232:
        print('@', end='')
    elif i >= 209:
        print('#', end='')
    elif i >= 186:
        print('S', end='')
    elif i >= 163:
        print('%', end='')
    elif i >= 140:
        print('?', end='')
    elif i >= 117:
        print('*', end='')
    elif i >= 94:
        print('+', end='')
    elif i >= 71:
        print(';', end='')
    elif i >= 48:
        print(':', end='')
    elif i >= 25:
        print(',', end='')
    else:
        print('.', end='')
print()

row = [255, 255, 255, 255, 255, 255, 255, 255, 255, 255, 255, 255, 255, 255, 255, 255, 255, 255, 255, 255, 255, 254, 252, 255, 205, 109, 106, 90, 95, 114, 132, 151, 163, 164, 165, 160, 141, 114, 91, 85, 76, 74, 73, 86, 98, 135, 171, 178, 179, 178, 195, 203, 199, 196, 163, 131, 131, 160, 174, 168, 173, 193, 192, 186, 186, 220, 230, 224, 222, 196, 194, 214, 249, 254, 254, 254, 254, 254, 255, 255, 255, 255, 255, 255, 255, 255, 255, 255, 255, 255, 255, 255, 255, 255, 255, 255, 255, 255, 255, 255]
for i in row:
    if i >= 232:
        print('@', end='')
    elif i >= 209:
        print('#', end='')
    elif i >= 186:
        print('S', end='')
    elif i >= 163:
        print('%', end='')
    elif i >= 140:
        print('?', end='')
    elif i >= 117:
        print('*', end='')
    elif i >= 94:
        print('+', end='')
    elif i >= 71:
        print(';', end='')
    elif i >= 48:
        print(':', end='')
    elif i >= 25:
        print(',', end='')
    else:
        print('.', end='')
print()

row = [255, 255, 255, 255, 255, 255, 255, 255, 255, 255, 255, 255, 255, 255, 255, 255, 255, 255, 255, 255, 255, 254, 254, 254, 255, 172, 115, 103, 98, 100, 116, 139, 152, 157, 152, 153, 161, 164, 156, 150, 157, 174, 159, 173, 168, 180, 184, 198, 198, 189, 195, 197, 200, 204, 203, 194, 162, 125, 143, 157, 163, 174, 185, 191, 194, 229, 222, 220, 222, 203, 214, 248, 254, 253, 253, 255, 255, 254, 255, 255, 255, 255, 255, 255, 255, 255, 255, 255, 255, 255, 255, 255, 255, 255, 255, 255, 255, 255, 255, 255]
for i in row:
    if i >= 232:
        print('@', end='')
    elif i >= 209:
        print('#', end='')
    elif i >= 186:
        print('S', end='')
    elif i >= 163:
        print('%', end='')
    elif i >= 140:
        print('?', end='')
    elif i >= 117:
        print('*', end='')
    elif i >= 94:
        print('+', end='')
    elif i >= 71:
        print(';', end='')
    elif i >= 48:
        print(':', end='')
    elif i >= 25:
        print(',', end='')
    else:
        print('.', end='')
print()

row = [255, 255, 255, 255, 255, 255, 255, 255, 255, 255, 255, 255, 255, 255, 255, 255, 255, 255, 255, 255, 255, 255, 255, 255, 255, 252, 177, 128, 129, 109, 107, 121, 133, 137, 155, 167, 166, 154, 164, 154, 145, 145, 143, 162, 160, 157, 158, 162, 161, 158, 150, 142, 137, 138, 150, 178, 191, 184, 144, 145, 161, 172, 191, 200, 224, 226, 218, 208, 222, 236, 251, 255, 254, 254, 253, 255, 255, 255, 255, 255, 255, 255, 255, 255, 255, 255, 255, 255, 255, 255, 255, 255, 255, 255, 255, 255, 255, 255, 255, 255]
for i in row:
    if i >= 232:
        print('@', end='')
    elif i >= 209:
        print('#', end='')
    elif i >= 186:
        print('S', end='')
    elif i >= 163:
        print('%', end='')
    elif i >= 140:
        print('?', end='')
    elif i >= 117:
        print('*', end='')
    elif i >= 94:
        print('+', end='')
    elif i >= 71:
        print(';', end='')
    elif i >= 48:
        print(':', end='')
    elif i >= 25:
        print(',', end='')
    else:
        print('.', end='')
print()

row = [255, 255, 255, 255, 255, 255, 255, 255, 255, 255, 255, 255, 255, 255, 255, 255, 255, 255, 255, 255, 255, 255, 255, 255, 255, 255, 220, 131, 140, 131, 106, 93, 96, 135, 157, 141, 104, 82, 73, 72, 80, 89, 98, 106, 102, 113, 108, 109, 110, 108, 103, 99, 87, 76, 78, 118, 180, 200, 184, 168, 180, 194, 199, 220, 225, 219, 213, 205, 222, 250, 255, 255, 255, 255, 255, 255, 255, 255, 255, 255, 255, 255, 255, 255, 255, 255, 255, 255, 255, 255, 255, 255, 255, 255, 255, 255, 255, 255, 255, 255]
for i in row:
    if i >= 232:
        print('@', end='')
    elif i >= 209:
        print('#', end='')
    elif i >= 186:
        print('S', end='')
    elif i >= 163:
        print('%', end='')
    elif i >= 140:
        print('?', end='')
    elif i >= 117:
        print('*', end='')
    elif i >= 94:
        print('+', end='')
    elif i >= 71:
        print(';', end='')
    elif i >= 48:
        print(':', end='')
    elif i >= 25:
        print(',', end='')
    else:
        print('.', end='')
print()

row = [255, 255, 255, 255, 255, 255, 255, 255, 255, 255, 255, 255, 255, 255, 255, 255, 255, 255, 255, 255, 255, 255, 255, 255, 255, 255, 235, 132, 129, 142, 141, 118, 97, 107, 136, 116, 63, 43, 49, 66, 88, 95, 110, 126, 130, 138, 134, 142, 160, 162, 161, 152, 152, 159, 170, 145, 161, 189, 191, 189, 194, 200, 205, 222, 232, 210, 206, 216, 207, 184, 250, 255, 254, 255, 255, 255, 255, 255, 255, 255, 255, 255, 255, 255, 255, 255, 255, 255, 255, 255, 255, 255, 255, 255, 255, 255, 255, 255, 255, 255]
for i in row:
    if i >= 232:
        print('@', end='')
    elif i >= 209:
        print('#', end='')
    elif i >= 186:
        print('S', end='')
    elif i >= 163:
        print('%', end='')
    elif i >= 140:
        print('?', end='')
    elif i >= 117:
        print('*', end='')
    elif i >= 94:
        print('+', end='')
    elif i >= 71:
        print(';', end='')
    elif i >= 48:
        print(':', end='')
    elif i >= 25:
        print(',', end='')
    else:
        print('.', end='')
print()

row = [255, 255, 255, 255, 255, 255, 255, 255, 255, 255, 255, 255, 255, 255, 255, 255, 255, 255, 255, 255, 255, 255, 255, 255, 255, 253, 254, 175, 125, 139, 142, 148, 128, 109, 125, 155, 128, 114, 108, 113, 118, 134, 147, 156, 169, 166, 161, 164, 164, 150, 153, 158, 171, 169, 182, 178, 181, 187, 180, 192, 201, 205, 204, 214, 222, 205, 208, 207, 140, 76, 146, 240, 255, 255, 255, 255, 255, 255, 255, 255, 255, 255, 255, 255, 255, 255, 255, 255, 255, 255, 255, 255, 255, 255, 255, 255, 255, 255, 255, 255]
for i in row:
    if i >= 232:
        print('@', end='')
    elif i >= 209:
        print('#', end='')
    elif i >= 186:
        print('S', end='')
    elif i >= 163:
        print('%', end='')
    elif i >= 140:
        print('?', end='')
    elif i >= 117:
        print('*', end='')
    elif i >= 94:
        print('+', end='')
    elif i >= 71:
        print(';', end='')
    elif i >= 48:
        print(':', end='')
    elif i >= 25:
        print(',', end='')
    else:
        print('.', end='')
print()

row = [255, 255, 255, 255, 255, 255, 255, 255, 255, 255, 255, 255, 255, 255, 255, 255, 255, 255, 255, 255, 255, 255, 255, 255, 255, 252, 255, 238, 149, 122, 132, 135, 129, 117, 126, 154, 151, 143, 148, 145, 134, 123, 131, 151, 160, 155, 158, 168, 161, 169, 178, 202, 194, 189, 189, 190, 203, 199, 190, 200, 190, 190, 205, 221, 199, 205, 166, 106, 82, 74, 78, 112, 166, 227, 254, 255, 255, 255, 255, 255, 255, 255, 255, 255, 255, 255, 255, 255, 255, 255, 255, 255, 255, 255, 255, 255, 255, 255, 255, 255]
for i in row:
    if i >= 232:
        print('@', end='')
    elif i >= 209:
        print('#', end='')
    elif i >= 186:
        print('S', end='')
    elif i >= 163:
        print('%', end='')
    elif i >= 140:
        print('?', end='')
    elif i >= 117:
        print('*', end='')
    elif i >= 94:
        print('+', end='')
    elif i >= 71:
        print(';', end='')
    elif i >= 48:
        print(':', end='')
    elif i >= 25:
        print(',', end='')
    else:
        print('.', end='')
print()

row = [255, 255, 255, 255, 255, 255, 255, 255, 255, 255, 255, 255, 255, 255, 255, 255, 255, 255, 255, 255, 255, 255, 255, 255, 255, 254, 254, 255, 240, 154, 112, 109, 121, 130, 126, 137, 151, 151, 135, 142, 158, 156, 157, 182, 185, 187, 189, 198, 185, 190, 188, 194, 194, 201, 204, 215, 216, 218, 208, 210, 196, 193, 205, 204, 157, 111, 54, 60, 70, 73, 68, 83, 86, 89, 112, 135, 178, 222, 246, 255, 255, 255, 255, 255, 254, 255, 255, 255, 255, 255, 255, 255, 255, 255, 255, 255, 255, 255, 255, 255]
for i in row:
    if i >= 232:
        print('@', end='')
    elif i >= 209:
        print('#', end='')
    elif i >= 186:
        print('S', end='')
    elif i >= 163:
        print('%', end='')
    elif i >= 140:
        print('?', end='')
    elif i >= 117:
        print('*', end='')
    elif i >= 94:
        print('+', end='')
    elif i >= 71:
        print(';', end='')
    elif i >= 48:
        print(':', end='')
    elif i >= 25:
        print(',', end='')
    else:
        print('.', end='')
print()

row = [255, 255, 255, 255, 255, 255, 255, 255, 255, 255, 255, 255, 255, 255, 255, 255, 255, 255, 255, 255, 255, 255, 255, 255, 255, 255, 255, 255, 255, 250, 195, 135, 114, 114, 129, 132, 155, 179, 168, 156, 160, 165, 169, 189, 183, 186, 187, 189, 185, 201, 201, 198, 198, 210, 210, 218, 219, 219, 218, 204, 187, 191, 160, 100, 46, 43, 50, 55, 57, 59, 62, 66, 65, 64, 55, 51, 48, 61, 81, 138, 225, 252, 255, 255, 255, 255, 255, 255, 255, 255, 255, 255, 255, 255, 255, 255, 255, 255, 255, 255]
for i in row:
    if i >= 232:
        print('@', end='')
    elif i >= 209:
        print('#', end='')
    elif i >= 186:
        print('S', end='')
    elif i >= 163:
        print('%', end='')
    elif i >= 140:
        print('?', end='')
    elif i >= 117:
        print('*', end='')
    elif i >= 94:
        print('+', end='')
    elif i >= 71:
        print(';', end='')
    elif i >= 48:
        print(':', end='')
    elif i >= 25:
        print(',', end='')
    else:
        print('.', end='')
print()

row = [255, 255, 255, 255, 255, 255, 255, 255, 255, 255, 255, 255, 255, 255, 255, 255, 255, 255, 255, 255, 255, 255, 255, 255, 255, 255, 255, 255, 254, 255, 255, 248, 212, 166, 127, 129, 146, 170, 185, 174, 185, 186, 189, 184, 187, 189, 193, 180, 176, 183, 197, 200, 195, 212, 209, 216, 207, 198, 196, 165, 152, 97, 48, 36, 45, 52, 56, 54, 53, 52, 50, 57, 67, 65, 59, 51, 51, 53, 49, 47, 80, 119, 141, 160, 176, 194, 212, 238, 255, 255, 255, 255, 255, 255, 255, 254, 254, 254, 254, 254]
for i in row:
    if i >= 232:
        print('@', end='')
    elif i >= 209:
        print('#', end='')
    elif i >= 186:
        print('S', end='')
    elif i >= 163:
        print('%', end='')
    elif i >= 140:
        print('?', end='')
    elif i >= 117:
        print('*', end='')
    elif i >= 94:
        print('+', end='')
    elif i >= 71:
        print(';', end='')
    elif i >= 48:
        print(':', end='')
    elif i >= 25:
        print(',', end='')
    else:
        print('.', end='')
print()

row = [255, 255, 255, 255, 255, 255, 255, 255, 255, 255, 255, 255, 255, 255, 255, 255, 255, 255, 255, 255, 255, 255, 255, 255, 255, 255, 255, 255, 255, 255, 255, 255, 255, 255, 231, 155, 106, 132, 151, 159, 162, 143, 174, 177, 177, 185, 194, 189, 165, 173, 183, 181, 181, 185, 182, 167, 146, 127, 92, 60, 45, 34, 44, 46, 49, 52, 54, 53, 51, 53, 58, 61, 61, 60, 57, 52, 52, 51, 50, 53, 55, 53, 55, 56, 52, 58, 66, 85, 130, 177, 187, 153, 128, 164, 215, 239, 249, 250, 255, 255]
for i in row:
    if i >= 232:
        print('@', end='')
    elif i >= 209:
        print('#', end='')
    elif i >= 186:
        print('S', end='')
    elif i >= 163:
        print('%', end='')
    elif i >= 140:
        print('?', end='')
    elif i >= 117:
        print('*', end='')
    elif i >= 94:
        print('+', end='')
    elif i >= 71:
        print(';', end='')
    elif i >= 48:
        print(':', end='')
    elif i >= 25:
        print(',', end='')
    else:
        print('.', end='')
print()

row = [255, 255, 255, 255, 255, 255, 255, 255, 255, 255, 255, 255, 255, 255, 255, 255, 255, 255, 255, 255, 255, 255, 255, 255, 255, 255, 255, 255, 255, 255, 255, 255, 253, 254, 250, 97, 40, 84, 100, 107, 117, 134, 137, 156, 148, 164, 145, 154, 156, 138, 141, 130, 115, 99, 72, 53, 52, 38, 32, 40, 45, 47, 51, 50, 53, 53, 52, 54, 57, 59, 59, 55, 53, 52, 52, 51, 53, 54, 57, 60, 60, 58, 58, 58, 55, 56, 59, 58, 54, 51, 52, 52, 53, 52, 62, 80, 97, 107, 125, 157]
for i in row:
    if i >= 232:
        print('@', end='')
    elif i >= 209:
        print('#', end='')
    elif i >= 186:
        print('S', end='')
    elif i >= 163:
        print('%', end='')
    elif i >= 140:
        print('?', end='')
    elif i >= 117:
        print('*', end='')
    elif i >= 94:
        print('+', end='')
    elif i >= 71:
        print(';', end='')
    elif i >= 48:
        print(':', end='')
    elif i >= 25:
        print(',', end='')
    else:
        print('.', end='')
print()

row = [255, 255, 255, 255, 255, 255, 255, 255, 255, 255, 255, 255, 255, 255, 255, 255, 255, 255, 255, 255, 255, 255, 255, 255, 255, 255, 255, 255, 255, 255, 255, 255, 255, 255, 202, 27, 22, 29, 52, 60, 59, 59, 68, 81, 80, 80, 62, 72, 70, 52, 46, 42, 29, 24, 26, 30, 35, 40, 47, 53, 54, 51, 50, 53, 60, 61, 61, 57, 53, 51, 49, 54, 53, 52, 52, 51, 54, 56, 57, 57, 57, 57, 55, 54, 52, 53, 53, 53, 53, 54, 55, 57, 58, 58, 56, 55, 53, 57, 54, 55]
for i in row:
    if i >= 232:
        print('@', end='')
    elif i >= 209:
        print('#', end='')
    elif i >= 186:
        print('S', end='')
    elif i >= 163:
        print('%', end='')
    elif i >= 140:
        print('?', end='')
    elif i >= 117:
        print('*', end='')
    elif i >= 94:
        print('+', end='')
    elif i >= 71:
        print(';', end='')
    elif i >= 48:
        print(':', end='')
    elif i >= 25:
        print(',', end='')
    else:
        print('.', end='')
print()

row = [255, 255, 255, 255, 255, 255, 255, 255, 255, 255, 255, 255, 255, 255, 255, 255, 255, 255, 255, 255, 255, 255, 255, 255, 255, 255, 255, 255, 255, 255, 255, 227, 175, 106, 52, 29, 27, 24, 23, 26, 28, 23, 23, 26, 28, 28, 26, 25, 24, 22, 22, 25, 26, 31, 36, 42, 45, 49, 55, 55, 54, 58, 60, 58, 56, 54, 52, 48, 46, 47, 48, 51, 53, 55, 55, 54, 53, 53, 53, 53, 53, 52, 49, 49, 49, 50, 51, 51, 52, 53, 54, 55, 55, 55, 55, 55, 59, 84, 107, 128]
for i in row:
    if i >= 232:
        print('@', end='')
    elif i >= 209:
        print('#', end='')
    elif i >= 186:
        print('S', end='')
    elif i >= 163:
        print('%', end='')
    elif i >= 140:
        print('?', end='')
    elif i >= 117:
        print('*', end='')
    elif i >= 94:
        print('+', end='')
    elif i >= 71:
        print(';', end='')
    elif i >= 48:
        print(':', end='')
    elif i >= 25:
        print(',', end='')
    else:
        print('.', end='')
print()

row = [255, 255, 255, 255, 255, 255, 255, 255, 255, 255, 255, 255, 255, 255, 255, 255, 255, 255, 255, 255, 255, 254, 254, 255, 255, 255, 255, 255, 219, 155, 88, 37, 17, 15, 26, 30, 28, 27, 26, 25, 24, 23, 21, 21, 22, 23, 23, 24, 26, 29, 33, 37, 40, 40, 42, 47, 52, 55, 60, 59, 57, 61, 57, 50, 48, 46, 44, 43, 44, 46, 48, 48, 49, 50, 51, 52, 51, 51, 52, 51, 51, 51, 49, 49, 49, 50, 51, 52, 53, 52, 52, 54, 50, 55, 70, 121, 171, 209, 225, 227]
for i in row:
    if i >= 232:
        print('@', end='')
    elif i >= 209:
        print('#', end='')
    elif i >= 186:
        print('S', end='')
    elif i >= 163:
        print('%', end='')
    elif i >= 140:
        print('?', end='')
    elif i >= 117:
        print('*', end='')
    elif i >= 94:
        print('+', end='')
    elif i >= 71:
        print(';', end='')
    elif i >= 48:
        print(':', end='')
    elif i >= 25:
        print(',', end='')
    else:
        print('.', end='')
print()

row = [255, 255, 255, 255, 255, 255, 255, 255, 255, 255, 255, 255, 255, 255, 255, 255, 255, 255, 255, 255, 255, 255, 255, 255, 253, 221, 156, 84, 35, 17, 18, 22, 22, 28, 34, 35, 33, 32, 30, 33, 32, 32, 32, 31, 32, 33, 35, 37, 41, 43, 44, 44, 45, 46, 51, 57, 58, 59, 57, 56, 51, 47, 46, 44, 42, 42, 42, 44, 48, 49, 50, 49, 49, 49, 49, 50, 50, 50, 49, 49, 49, 49, 49, 51, 51, 51, 51, 52, 52, 53, 52, 50, 81, 138, 194, 217, 223, 222, 223, 225]
for i in row:
    if i >= 232:
        print('@', end='')
    elif i >= 209:
        print('#', end='')
    elif i >= 186:
        print('S', end='')
    elif i >= 163:
        print('%', end='')
    elif i >= 140:
        print('?', end='')
    elif i >= 117:
        print('*', end='')
    elif i >= 94:
        print('+', end='')
    elif i >= 71:
        print(';', end='')
    elif i >= 48:
        print(':', end='')
    elif i >= 25:
        print(',', end='')
    else:
        print('.', end='')
print()

row = [255, 255, 255, 255, 255, 255, 255, 255, 255, 255, 255, 255, 255, 255, 253, 254, 254, 255, 255, 255, 236, 200, 161, 133, 92, 43, 23, 25, 26, 26, 25, 24, 27, 43, 49, 47, 45, 44, 42, 41, 42, 43, 44, 44, 42, 45, 47, 47, 48, 49, 49, 51, 54, 57, 57, 57, 58, 57, 51, 46, 43, 43, 42, 41, 39, 42, 46, 49, 50, 50, 50, 48, 48, 48, 49, 48, 48, 48, 48, 48, 48, 49, 49, 50, 51, 50, 50, 55, 52, 51, 74, 143, 204, 221, 223, 224, 224, 225, 226, 226]
for i in row:
    if i >= 232:
        print('@', end='')
    elif i >= 209:
        print('#', end='')
    elif i >= 186:
        print('S', end='')
    elif i >= 163:
        print('%', end='')
    elif i >= 140:
        print('?', end='')
    elif i >= 117:
        print('*', end='')
    elif i >= 94:
        print('+', end='')
    elif i >= 71:
        print(';', end='')
    elif i >= 48:
        print(':', end='')
    elif i >= 25:
        print(',', end='')
    else:
        print('.', end='')
print()

row = [255, 255, 255, 255, 255, 255, 255, 255, 255, 255, 255, 255, 255, 255, 255, 255, 251, 219, 163, 107, 61, 39, 31, 30, 31, 34, 34, 32, 29, 27, 26, 26, 37, 47, 44, 48, 50, 47, 43, 43, 45, 48, 49, 48, 48, 48, 50, 51, 51, 53, 58, 56, 55, 57, 58, 58, 57, 50, 47, 42, 40, 41, 42, 42, 44, 47, 51, 51, 48, 47, 45, 46, 47, 47, 48, 47, 47, 47, 47, 47, 48, 49, 49, 50, 51, 52, 53, 51, 55, 127, 204, 224, 226, 225, 225, 225, 223, 223, 223, 223]
for i in row:
    if i >= 232:
        print('@', end='')
    elif i >= 209:
        print('#', end='')
    elif i >= 186:
        print('S', end='')
    elif i >= 163:
        print('%', end='')
    elif i >= 140:
        print('?', end='')
    elif i >= 117:
        print('*', end='')
    elif i >= 94:
        print('+', end='')
    elif i >= 71:
        print(';', end='')
    elif i >= 48:
        print(':', end='')
    elif i >= 25:
        print(',', end='')
    else:
        print('.', end='')
print()

row = [255, 255, 255, 255, 255, 255, 255, 255, 255, 255, 255, 255, 255, 249, 212, 153, 98, 58, 41, 38, 38, 40, 40, 39, 38, 37, 35, 33, 31, 29, 27, 30, 47, 50, 56, 70, 50, 47, 60, 50, 44, 46, 46, 47, 50, 47, 48, 50, 53, 56, 57, 56, 55, 57, 57, 55, 52, 44, 43, 40, 40, 41, 43, 43, 48, 49, 50, 47, 44, 44, 43, 46, 47, 47, 47, 47, 48, 48, 49, 50, 50, 50, 52, 53, 55, 58, 53, 74, 174, 225, 227, 224, 226, 224, 222, 220, 218, 219, 219, 220]
for i in row:
    if i >= 232:
        print('@', end='')
    elif i >= 209:
        print('#', end='')
    elif i >= 186:
        print('S', end='')
    elif i >= 163:
        print('%', end='')
    elif i >= 140:
        print('?', end='')
    elif i >= 117:
        print('*', end='')
    elif i >= 94:
        print('+', end='')
    elif i >= 71:
        print(';', end='')
    elif i >= 48:
        print(':', end='')
    elif i >= 25:
        print(',', end='')
    else:
        print('.', end='')
print()

row = [255, 255, 255, 255, 255, 255, 255, 255, 255, 255, 254, 209, 145, 87, 51, 43, 40, 42, 40, 41, 42, 42, 41, 41, 40, 38, 35, 33, 31, 29, 32, 40, 50, 43, 54, 45, 43, 56, 80, 46, 42, 47, 49, 49, 50, 51, 53, 55, 57, 57, 56, 56, 56, 55, 52, 48, 45, 42, 42, 40, 41, 43, 44, 46, 48, 47, 45, 44, 44, 45, 46, 47, 47, 47, 47, 49, 50, 50, 52, 52, 52, 52, 54, 56, 59, 53, 83, 196, 227, 224, 225, 225, 220, 217, 216, 216, 218, 219, 220, 220]
for i in row:
    if i >= 232:
        print('@', end='')
    elif i >= 209:
        print('#', end='')
    elif i >= 186:
        print('S', end='')
    elif i >= 163:
        print('%', end='')
    elif i >= 140:
        print('?', end='')
    elif i >= 117:
        print('*', end='')
    elif i >= 94:
        print('+', end='')
    elif i >= 71:
        print(';', end='')
    elif i >= 48:
        print(':', end='')
    elif i >= 25:
        print(',', end='')
    else:
        print('.', end='')
print()

row = [255, 255, 255, 254, 253, 254, 254, 255, 241, 176, 101, 50, 39, 42, 42, 43, 41, 42, 42, 44, 46, 45, 43, 41, 40, 39, 36, 34, 29, 30, 37, 44, 45, 41, 39, 34, 36, 42, 44, 40, 42, 47, 48, 49, 52, 55, 55, 55, 56, 57, 58, 57, 55, 53, 50, 45, 41, 42, 42, 41, 43, 45, 46, 47, 45, 45, 45, 46, 47, 47, 48, 46, 47, 48, 50, 52, 53, 53, 53, 53, 55, 58, 61, 60, 54, 85, 195, 226, 223, 225, 220, 215, 213, 215, 219, 222, 221, 220, 220, 219]
for i in row:
    if i >= 232:
        print('@', end='')
    elif i >= 209:
        print('#', end='')
    elif i >= 186:
        print('S', end='')
    elif i >= 163:
        print('%', end='')
    elif i >= 140:
        print('?', end='')
    elif i >= 117:
        print('*', end='')
    elif i >= 94:
        print('+', end='')
    elif i >= 71:
        print(';', end='')
    elif i >= 48:
        print(':', end='')
    elif i >= 25:
        print(',', end='')
    else:
        print('.', end='')
print()

row = [255, 255, 255, 255, 253, 255, 243, 158, 74, 39, 40, 44, 43, 42, 40, 40, 40, 42, 45, 46, 47, 46, 45, 42, 40, 37, 35, 32, 30, 33, 40, 44, 43, 42, 43, 46, 42, 42, 43, 44, 46, 47, 51, 54, 53, 52, 56, 57, 57, 56, 54, 52, 51, 46, 44, 43, 43, 43, 43, 43, 43, 44, 44, 45, 46, 47, 47, 47, 46, 46, 46, 48, 50, 52, 53, 53, 53, 53, 56, 59, 61, 63, 64, 57, 74, 193, 223, 220, 221, 216, 215, 215, 218, 219, 219, 219, 219, 218, 217, 219]
for i in row:
    if i >= 232:
        print('@', end='')
    elif i >= 209:
        print('#', end='')
    elif i >= 186:
        print('S', end='')
    elif i >= 163:
        print('%', end='')
    elif i >= 140:
        print('?', end='')
    elif i >= 117:
        print('*', end='')
    elif i >= 94:
        print('+', end='')
    elif i >= 71:
        print(';', end='')
    elif i >= 48:
        print(':', end='')
    elif i >= 25:
        print(',', end='')
    else:
        print('.', end='')
print()

row = [255, 255, 255, 254, 254, 220, 93, 37, 42, 44, 43, 42, 41, 40, 39, 39, 41, 43, 45, 46, 45, 46, 44, 41, 38, 33, 33, 32, 32, 38, 44, 44, 43, 42, 41, 40, 39, 41, 42, 44, 46, 50, 53, 54, 54, 54, 57, 57, 56, 55, 53, 51, 49, 44, 43, 43, 43, 43, 43, 43, 44, 44, 45, 46, 47, 46, 46, 45, 46, 47, 49, 50, 51, 52, 52, 53, 55, 56, 58, 61, 62, 53, 62, 85, 172, 219, 212, 211, 210, 206, 208, 209, 210, 211, 211, 212, 217, 217, 218, 220]
for i in row:
    if i >= 232:
        print('@', end='')
    elif i >= 209:
        print('#', end='')
    elif i >= 186:
        print('S', end='')
    elif i >= 163:
        print('%', end='')
    elif i >= 140:
        print('?', end='')
    elif i >= 117:
        print('*', end='')
    elif i >= 94:
        print('+', end='')
    elif i >= 71:
        print(';', end='')
    elif i >= 48:
        print(':', end='')
    elif i >= 25:
        print(',', end='')
    else:
        print('.', end='')
print()

row = [255, 255, 254, 240, 204, 71, 38, 43, 42, 40, 40, 40, 39, 38, 40, 42, 43, 45, 44, 44, 44, 44, 43, 39, 36, 33, 33, 33, 33, 38, 44, 44, 40, 39, 39, 39, 41, 42, 44, 46, 48, 51, 54, 54, 53, 54, 54, 53, 52, 51, 49, 48, 45, 43, 42, 42, 42, 43, 43, 44, 44, 44, 45, 45, 43, 45, 48, 48, 48, 51, 51, 51, 53, 54, 55, 57, 59, 60, 60, 58, 84, 136, 184, 214, 218, 210, 211, 212, 213, 217, 218, 220, 221, 222, 222, 223, 221, 222, 223, 221]
for i in row:
    if i >= 232:
        print('@', end='')
    elif i >= 209:
        print('#', end='')
    elif i >= 186:
        print('S', end='')
    elif i >= 163:
        print('%', end='')
    elif i >= 140:
        print('?', end='')
    elif i >= 117:
        print('*', end='')
    elif i >= 94:
        print('+', end='')
    elif i >= 71:
        print(';', end='')
    elif i >= 48:
        print(':', end='')
    elif i >= 25:
        print(',', end='')
    else:
        print('.', end='')
print()
